#1.4600 <= z < 1.6100
#   Wlo    Whi  f(X,W)    Errlo    Errhi
  0.05   0.29  4.9124   3.2770  15.8747
  0.29   0.39  2.1834   0.7353   1.0845
  0.39   0.45  1.7415   0.4231   0.4426
  0.45   0.51  1.2159   0.2552   0.2716
  0.51   0.58  0.8707   0.1653   0.1778
  0.58   0.65  0.6561   0.1167   0.1264
  0.65   0.71  0.6426   0.0997   0.1107
  0.71   0.78  0.5332   0.0822   0.0889
  0.78   0.85  0.4859   0.0719   0.0805
  0.85   0.92  0.4335   0.0646   0.0723
  0.92   1.01  0.3074   0.0460   0.0506
  1.01   1.12  0.2467   0.0362   0.0404
  1.12   1.26  0.1766   0.0258   0.0289
  1.26   1.53  0.0929   0.0135   0.0151
  1.53   3.04  0.0173   0.0025   0.0031

#1.6100 <= z < 1.7000
#   Wlo    Whi  f(X,W)    Errlo    Errhi
  0.07   0.27  4.5654   3.1416   9.1228
  0.27   0.34  2.7096   0.9518   0.9720
  0.34   0.41  1.7720   0.4486   0.4821
  0.41   0.47  1.4049   0.2790   0.3161
  0.47   0.54  1.0654   0.2011   0.2156
  0.54   0.59  0.9608   0.1559   0.1655
  0.59   0.66  0.7547   0.1174   0.1291
  0.66   0.72  0.6227   0.0939   0.1043
  0.72   0.80  0.5088   0.0768   0.0854
  0.80   0.89  0.3831   0.0584   0.0628
  0.89   0.97  0.3948   0.0573   0.0639
  0.97   1.09  0.2549   0.0373   0.0410
  1.09   1.23  0.2172   0.0309   0.0346
  1.23   1.53  0.0937   0.0133   0.0149
  1.53   2.52  0.0285   0.0041   0.0050

#1.7000 <= z < 1.7800
#   Wlo    Whi  f(X,W)    Errlo    Errhi
  0.04   0.24  5.2952   3.9464  12.2506
  0.24   0.33  2.3759   0.8930   1.0145
  0.33   0.40  1.6701   0.4103   0.4631
  0.40   0.45  1.5693   0.2975   0.3181
  0.45   0.51  1.2148   0.2103   0.2282
  0.51   0.56  1.2198   0.1947   0.2126
  0.56   0.61  0.9436   0.1466   0.1620
  0.61   0.67  0.8826   0.1345   0.1471
  0.67   0.73  0.6260   0.0938   0.1044
  0.73   0.82  0.4558   0.0686   0.0760
  0.82   0.90  0.4691   0.0692   0.0767
  0.90   1.02  0.2751   0.0408   0.0448
  1.02   1.21  0.1756   0.0254   0.0284
  1.21   1.42  0.1563   0.0225   0.0253
  1.42   2.51  0.0316   0.0044   0.0055

#1.7800 <= z < 1.8700
#   Wlo    Whi  f(X,W)    Errlo    Errhi
  0.01   0.25  3.7415   2.5576   8.7100
  0.25   0.31  3.2761   0.9756   1.0192
  0.31   0.38  1.9447   0.4556   0.5608
  0.38   0.43  1.6906   0.3375   0.3593
  0.43   0.47  1.6461   0.2774   0.2967
  0.47   0.52  1.3050   0.2105   0.2311
  0.52   0.57  1.0025   0.1604   0.1687
  0.57   0.63  0.7977   0.1206   0.1339
  0.63   0.69  0.7944   0.1168   0.1291
  0.69   0.77  0.5117   0.0756   0.0841
  0.77   0.85  0.4723   0.0689   0.0771
  0.85   0.93  0.4274   0.0613   0.0688
  0.93   1.04  0.3033   0.0433   0.0485
  1.04   1.19  0.2299   0.0328   0.0368
  1.19   1.44  0.1285   0.0183   0.0205
  1.44   3.43  0.0171   0.0026   0.0027

#1.8700 <= z < 1.9600
#   Wlo    Whi  f(X,W)    Errlo    Errhi
  0.03   0.24  4.3300   2.9058   9.3707
  0.24   0.31  2.8862   0.9403   1.0421
  0.31   0.38  1.8267   0.4377   0.4856
  0.38   0.44  1.4753   0.2910   0.3113
  0.44   0.49  1.4289   0.2396   0.2610
  0.49   0.54  1.4358   0.2252   0.2498
  0.54   0.59  1.0214   0.1587   0.1725
  0.59   0.65  0.7741   0.1180   0.1313
  0.65   0.72  0.6753   0.1009   0.1130
  0.72   0.80  0.5730   0.0850   0.0938
  0.80   0.89  0.4515   0.0659   0.0743
  0.89   1.00  0.3223   0.0477   0.0527
  1.00   1.18  0.2071   0.0301   0.0337
  1.18   1.47  0.1266   0.0182   0.0206
  1.47   3.11  0.0213   0.0033   0.0041

#1.9600 <= z < 2.0800
#   Wlo    Whi  f(X,W)    Errlo    Errhi
  0.06   0.23  4.1309   2.6484   7.7169
  0.23   0.29  2.9420   0.7909   1.0302
  0.29   0.34  2.2823   0.4987   0.5271
  0.34   0.39  1.5919   0.3164   0.3427
  0.39   0.45  1.2605   0.2281   0.2468
  0.45   0.50  1.0956   0.1762   0.1933
  0.50   0.54  1.0899   0.1680   0.1868
  0.54   0.59  0.9050   0.1369   0.1522
  0.59   0.64  0.8965   0.1336   0.1495
  0.64   0.70  0.7215   0.1061   0.1185
  0.70   0.76  0.5616   0.0824   0.0926
  0.76   0.85  0.4085   0.0606   0.0679
  0.85   0.97  0.2918   0.0425   0.0478
  0.97   1.11  0.2165   0.0317   0.0352
  1.11   1.37  0.1278   0.0185   0.0208
  1.37   2.66  0.0265   0.0037   0.0047

#2.0800 <= z < 2.2400
#   Wlo    Whi  f(X,W)    Errlo    Errhi
  0.05   0.22  4.1463   2.9691   7.2399
  0.22   0.29  2.9105   0.8012   1.0829
  0.29   0.34  2.1940   0.4912   0.5152
  0.34   0.41  1.4323   0.3043   0.3250
  0.41   0.46  1.2606   0.2261   0.2348
  0.46   0.51  1.1776   0.1824   0.2006
  0.51   0.56  0.9524   0.1470   0.1606
  0.56   0.62  0.8884   0.1330   0.1472
  0.62   0.68  0.6643   0.1005   0.1071
  0.68   0.76  0.4889   0.0712   0.0792
  0.76   0.86  0.3897   0.0571   0.0632
  0.86   0.98  0.3177   0.0459   0.0510
  0.98   1.14  0.2109   0.0304   0.0337
  1.14   1.40  0.1332   0.0191   0.0212
  1.40   2.81  0.0245   0.0035   0.0046

#2.2400 <= z < 2.5100
#   Wlo    Whi  f(X,W)    Errlo    Errhi
  0.03   0.21  3.8936   2.8045   6.2853
  0.21   0.27  3.1536   0.8313   1.1406
  0.27   0.33  2.2575   0.5380   0.5622
  0.33   0.38  1.8869   0.3611   0.3935
  0.38   0.43  1.3959   0.2540   0.2734
  0.43   0.49  1.0612   0.1854   0.2018
  0.49   0.54  0.9496   0.1564   0.1708
  0.54   0.60  0.7472   0.1154   0.1263
  0.60   0.67  0.6462   0.0982   0.1072
  0.67   0.75  0.4716   0.0700   0.0779
  0.75   0.82  0.4625   0.0682   0.0760
  0.82   0.93  0.3151   0.0469   0.0520
  0.93   1.08  0.1992   0.0295   0.0323
  1.08   1.37  0.1059   0.0154   0.0171
  1.37   2.42  0.0260   0.0040   0.0047

#2.5100 <= z < 2.9700
#   Wlo    Whi  f(X,W)    Errlo    Errhi
 -0.28   0.22  2.9754   0.4985  14.7634
  0.22   0.31  1.7065   0.6101   0.7992
  0.31   0.38  1.3174   0.3076   0.4144
  0.38   0.45  0.9093   0.2025   0.2123
  0.45   0.52  0.7206   0.1376   0.1463
  0.52   0.59  0.5055   0.0915   0.0892
  0.59   0.66  0.4606   0.0722   0.0787
  0.66   0.73  0.3657   0.0566   0.0620
  0.73   0.81  0.3314   0.0499   0.0544
  0.81   0.89  0.2896   0.0430   0.0472
  0.89   0.99  0.2083   0.0311   0.0335
  0.99   1.09  0.2059   0.0298   0.0328
  1.09   1.28  0.1085   0.0156   0.0173
  1.28   1.53  0.0760   0.0110   0.0122
  1.53   2.67  0.0153   0.0023   0.0028

#2.9700 <= z < 4.5500
#   Wlo    Whi  f(X,W)    Errlo    Errhi
#  0.04   0.22  2.2329   1.6323   4.2971
#  0.22   0.29  1.4512   0.4209   0.5524
#  0.29   0.36  0.8852   0.2203   0.2476
#  0.36   0.43  0.6482   0.1464   0.1534
#  0.43   0.49  0.4929   0.0941   0.0974
#  0.49   0.55  0.4446   0.0751   0.0813
#  0.55   0.61  0.3719   0.0588   0.0644
#  0.61   0.68  0.2880   0.0456   0.0481
#  0.68   0.75  0.2838   0.0425   0.0470
#  0.75   0.84  0.1881   0.0295   0.0324
#  0.84   0.93  0.1722   0.0259   0.0284
#  0.93   1.05  0.1261   0.0188   0.0207
#  1.05   1.22  0.0825   0.0121   0.0136
#  1.22   1.50  0.0499   0.0073   0.0082
#  1.50   2.66  0.0104   0.0016   0.0019

#1.4000 <= z < 4.6000
#   Wlo    Whi  f(X,W)    Errlo    Errhi
#  0.00   0.24  1.6779   1.1893   4.5794
#  0.24   0.29  1.4890   0.3169   0.3735
#  0.29   0.33  1.4432   0.1935   0.1943
#  0.33   0.37  1.3506   0.1370   0.1661
#  0.37   0.40  1.1931   0.1174   0.1183
#  0.40   0.44  1.0162   0.0891   0.0899
#  0.44   0.47  0.9609   0.0732   0.0704
#  0.47   0.49  0.9476   0.0621   0.0632
#  0.49   0.52  0.8283   0.0532   0.0542
#  0.52   0.55  0.8501   0.0506   0.0517
#  0.55   0.58  0.7991   0.0421   0.0432
#  0.58   0.60  0.7505   0.0393   0.0403
#  0.60   0.63  0.6445   0.0341   0.0350
#  0.63   0.66  0.6436   0.0335   0.0338
#  0.66   0.69  0.6265   0.0317   0.0326
#  0.69   0.72  0.5502   0.0281   0.0289
#  0.72   0.76  0.4550   0.0236   0.0238
#  0.76   0.79  0.4399   0.0219   0.0225
#  0.79   0.83  0.4012   0.0200   0.0206
#  0.83   0.88  0.3491   0.0174   0.0175
#  0.88   0.92  0.3644   0.0176   0.0182
#  0.92   0.96  0.2996   0.0146   0.0149
#  0.96   1.02  0.2469   0.0119   0.0123
#  1.02   1.08  0.2231   0.0108   0.0109
#  1.08   1.16  0.1893   0.0090   0.0093
#  1.16   1.24  0.1519   0.0074   0.0076
#  1.24   1.34  0.1320   0.0062   0.0064
#  1.34   1.49  0.0926   0.0044   0.0045
#  1.49   1.72  0.0558   0.0029   0.0028
#  1.72   3.18  0.0096   0.0008   0.0008
