#Rperp qso redshift
 768 2.819
 882 2.812
 725 2.522
 711 2.333
 841 2.627
 387 2.427
 932 3.536
 760 2.669
 299 2.691
 491 2.326
 175 2.659
 529 2.233
  67 1.836
 819 3.298
 960 2.453
 940 2.483
 912 2.272
 486 2.417
 749 2.002
 301 2.473
 806 2.440
 404 2.171
 730 2.387
 302 1.819
 792 2.393
 923 2.671
 786 2.369
 999 2.349
 962 2.260
 797 3.657
 208 2.714
 902 2.525
 155 1.682
 430 2.081
 738 2.257
 601 2.232
 517 2.389
 799 2.916
 316 1.735
 922 2.338
 828 2.707
 226 2.727
 324 2.474
 221 2.380
 868 2.209
 793 2.423
 569 2.356
 603 2.259
 363 2.255
 919 3.237
 476 1.947
 364 2.110
 343 1.650
 444 2.386
 663 2.414
 548 1.921
 190 2.123
 822 1.993
 431 1.998
 235 1.715
 861 2.202
 737 2.192
 981 2.380
 871 2.314
 992 2.628
 943 2.173
 646 2.492
 671 2.352
 316 2.234
 837 2.590
 700 2.289
 767 2.251
 816 2.236
 110 1.883
 533 3.169
 799 2.281
 983 2.479
 914 2.196
 462 2.409
 578 2.163
 201 1.981
 901 2.384
 861 2.339
 578 2.857
 535 2.197
 656 2.457
 988 2.467
 952 1.651
 669 2.344
 602 2.109
 656 2.363
 987 2.239
 829 2.243
 949 4.174
 602 1.683
 855 2.942
 665 2.350
 656 2.350
 880 2.227
 968 2.227
 729 3.315
 808 2.276
 974 2.294
 137 1.872
 624 2.348
 719 2.267
 955 2.240
 781 2.446
 494 2.108
  92 1.835
  89 2.056
 683 3.066
 183 2.041
 992 2.509
 874 2.338
 418 1.861
  94 3.228
 112 2.414
 743 2.375
 494 2.464
 428 2.159
  95 2.046
  89 2.754
 199 2.142
 915 1.687
 937 1.687
 106 1.885
 492 2.250
 741 2.953
 238 2.426
 753 2.478
 250 2.208
  49 2.063
 890 2.021
 769 2.232
 990 2.276
 439 2.575
 954 2.168
 402 2.876
 854 2.195
 670 2.918
 875 2.931
 873 2.250
 910 2.359
 745 2.370
 476 2.334
 444 2.411
 974 2.391
 784 2.226
 211 1.816
  90 2.297
 904 2.155
 127 1.869
 191 2.189
 942 2.198
 620 2.499
 777 2.590
 707 2.338
 901 2.218
 422 2.208
 989 2.117
 723 2.358
 866 3.145
 963 2.362
 973 2.555
 288 3.340
 772 2.194
 589 2.270
 233 3.132
 650 2.937
 562 2.054
  95 1.847
 228 2.428
 908 2.712
 514 2.230
 746 2.230
 796 2.390
 543 2.800
 747 2.452
 604 2.974
 646 2.173
 597 2.313
 477 2.255
 461 2.231
 639 2.251
 761 2.287
 941 2.133
 980 2.252
 950 2.229
  92 2.210
 913 3.149
 674 2.257
 290 2.332
 777 2.436
 550 2.569
 127 3.551
 447 2.124
 786 2.368
 621 2.112
 189 2.981
 139 1.765
 923 2.366
 325 2.004
 130 2.555
 977 2.163
 965 2.307
 819 2.476
 522 2.208
 558 2.404
 112 2.440
 926 2.040
 886 2.040
 360 2.297
 795 2.597
 804 2.354
 123 2.169
 192 2.638
 918 2.235
 354 3.686
 871 2.351
 765 2.566
 802 3.070
 814 3.003
 837 2.397
 551 2.765
 722 2.674
 957 2.457
 756 2.967
 783 2.204
 629 2.487
 271 3.212
 850 2.144
 702 2.251
 383 2.939
 381 2.239
 989 2.940
 936 2.510
 345 3.120
 828 2.379
 764 2.525
 885 2.479
 679 2.435
  42 2.000
 752 2.221
 965 2.310
 929 2.628
 837 2.196
 928 2.646
 566 2.166
 912 2.149
 903 2.476
 834 2.251
 736 2.200
 141 2.109
 761 3.025
 620 2.470
 752 2.260
 815 4.434
 765 2.288
 456 2.408
  92 1.648
 668 2.163
 866 2.032
 589 2.189
 996 2.742
 470 2.201
 933 2.557
 194 2.517
 881 2.450
 737 2.447
 997 2.222
 647 2.057
 727 2.240
 933 2.247
 905 2.285
 198 2.019
 582 2.506
  89 1.900
 140 1.916
 602 2.123
 875 2.283
 170 1.875
 688 2.606
 944 2.142
 576 2.399
 932 2.386
 105 1.689
 518 2.113
 848 2.179
 131 2.483
 541 2.452
 533 2.246
 835 2.584
 843 2.941
 783 2.432
 853 3.074
 954 2.263
 388 2.328
 831 2.619
 772 2.296
  53 2.281
 513 2.193
 937 2.868
 740 2.768
 918 1.693
  39 1.679
 450 2.352
 749 2.267
 889 2.625
 653 3.037
 907 2.347
 137 1.807
 173 1.737
 867 2.872
 433 2.260
 150 2.414
 924 2.786
 888 2.455
 133 1.848
 788 3.435
 275 2.794
 958 2.196
  79 2.191
 484 2.252
 677 2.384
 958 2.180
 823 2.109
 840 2.203
 622 2.266
 603 2.240
 660 2.560
 992 2.536
  76 2.325
  59 2.077
 869 2.567
 224 2.804
 835 2.242
 787 2.745
 721 2.404
  44 2.016
 954 2.352
 829 3.253
 553 2.143
 713 2.562
 723 2.956
 869 3.554
 388 1.860
 210 1.860
 860 3.390
 546 2.525
 102 1.785
 774 3.642
 567 2.331
 590 2.438
 766 2.262
 641 2.641
 508 2.462
 683 2.389
 663 2.310
 668 1.929
 934 1.929
 877 2.416
 845 2.247
 628 1.745
 813 2.529
 454 2.825
 279 3.254
 253 3.824
 695 2.196
 531 1.892
 772 2.278
 800 2.335
 683 2.330
 898 2.836
 508 2.897
 772 2.214
  98 2.132
 905 3.428
 798 2.425
 881 2.271
 956 2.257
 596 2.683
 849 3.069
 648 2.248
 529 2.280
 955 2.425
 792 3.295
 485 2.513
 582 2.407
 802 2.517
 862 2.821
 602 2.408
 587 2.820
 960 2.228
 915 2.218
 866 2.535
 528 2.325
 120 2.121
 997 3.310
 923 3.098
 462 2.851
 811 2.209
 758 2.987
 536 2.615
 100 2.068
 799 2.241
 364 2.611
 403 2.842
 288 2.464
 977 2.467
 874 2.101
 739 2.601
 748 2.806
 675 2.178
 595 2.744
 686 2.336
 764 2.448
 550 2.305
 900 2.577
 413 2.179
 631 2.370
 425 2.556
 827 2.206
 224 2.965
 609 2.510
 746 2.676
 407 2.162